%YAML:1.0
cam_model: mono
Kl: !!opencv-matrix
   rows: 3
   cols: 3
   dt: d
   data: [ 1.3706506398081974e+03, -4.7356943035363286e-01,
       6.1351392862658429e+02, 0., 1.3690398660563508e+03,
       4.8391573442653549e+02, 0., 0., 1. ]
Dl: !!opencv-matrix
   rows: 1
   cols: 4
   dt: d
   data: [ -5.4928054474872125e-02, 3.8230186021256091e-01,
       -2.3129769971430283e-03, -1.3685743538789359e-03 ]
xil: !!opencv-matrix
   rows: 1
   cols: 1
   dt: d
   data: [ 2.5153505537480210e+00 ]
cap_size: [ 1280, 960 ]
