%YAML:1.0
---
cam_model: mono
sn: "000000"
Kl: !!opencv-matrix
   rows: 3
   cols: 3
   dt: d
   data: [ 1.6656028520703649e+03, 8.5793249401030036e-01,
       1.0094697260501639e+03, 0., 1.6645974684618354e+03,
       8.9537755501765776e+02, 0., 0., 1. ]
Dl: !!opencv-matrix
   rows: 1
   cols: 4
   dt: d
   data: [ -3.2147387312032494e-01, -6.0657293244791598e-02,
       1.4826723672675000e-03, 5.3192217497105977e-04 ]
xil: !!opencv-matrix
   rows: 1
   cols: 1
   dt: d
   data: [ 2.2172495188355668e+00 ]
RMSE: 2.3520049527866180e-01
cap_size: [ 1808, 1808 ]
